#NDIM
3
#PRIM
1.0 0.0 0.0
0.0 1.0 0.0
0.0 0.0 1.0
#SUPER
6 0 0
0 6 0
0 0 6
#ORB
s0  0.0d0  0.0d0  0.0d0 #0
s1  0.0d0  0.0d0  0.5d0 #1
#HAMILT
0 0   1.0 0.0 0.0    1.0 1.0 0.0
0 0   0.0 1.0 0.0    1.0 1.0 0.0
0 0   0.0 0.0 1.0    1.0 1.0 0.0
0 1   0.0 0.0 0.5    2.0 2.0 0.0
0 0   0.0 0.0 0.0    0.0 0.0 0.0
1 1   0.0 0.0 0.0    0.0 0.0 4.0
#SYMM
d  0.0d0 0.0d0 0.0d0 1.0d0 0.0d0 0.d0
d  0.0d0 0.0d0 0.0d0 0.0d0 1.0d0 0.d0
d  0.0d0 0.0d0 0.5d0 1.0d0 0.0d0 0.d0
d  0.0d0 0.0d0 0.5d0 0.0d0 1.0d0 0.d0
c4 0.0d0 0.0d0 0.0d0 0.0d0 0.0d0 1.d0
#bcond = boundary conditions: 0 is periodic 1 is antiperiodic
bcond  = 0,0,0
#END
