 n=          32
 nnn=   4.000000    
  0.0000000E+00
  0.0000000E+00
  0.0000000E+00
  0.0000000E+00
 F           1
  0.0000000E+00
  0.0000000E+00
  0.0000000E+00
   1.000000    
 F           1
  0.0000000E+00
   1.000000    
  0.0000000E+00
  0.0000000E+00
 F           4
  0.0000000E+00
   1.000000    
  0.0000000E+00
   1.000000    
 F           4
  0.0000000E+00
   2.000000    
  0.0000000E+00
  0.0000000E+00
 F           2
  0.0000000E+00
   2.000000    
  0.0000000E+00
   1.000000    
 F           2
  0.0000000E+00
   1.000000    
   1.000000    
  0.0000000E+00
 F           4
  0.0000000E+00
   1.000000    
   1.000000    
   1.000000    
 F           4
  0.0000000E+00
   2.000000    
   1.000000    
  0.0000000E+00
 F           4
  0.0000000E+00
   2.000000    
   1.000000    
   1.000000    
 F           4
  0.0000000E+00
   2.000000    
   2.000000    
  0.0000000E+00
 F           1
  0.0000000E+00
   2.000000    
   2.000000    
   1.000000    
 F           1
   1.000000    
  0.0000000E+00
  0.0000000E+00
  0.0000000E+00
 F           1
   1.000000    
   1.000000    
  0.0000000E+00
  0.0000000E+00
 F           4
   1.000000    
   2.000000    
  0.0000000E+00
  0.0000000E+00
 F           2
   1.000000    
   1.000000    
   1.000000    
  0.0000000E+00
 F           4
   1.000000    
   2.000000    
   1.000000    
  0.0000000E+00
 F           4
   1.000000    
   2.000000    
   2.000000    
  0.0000000E+00
 F           1
 SxSx                          
 0  0.0000  0.0000  0.0000      0.26176720E+01  0.73973405E-02
 0  0.0000  0.0000  1.0000     -0.10083863E+01  0.19378454E-01
 0  1.0000  0.0000  0.0000     -0.72416917E-01  0.58492387E-03
 0  1.0000  0.0000  1.0000      0.35108408E-01  0.69728927E-03
 0  2.0000  0.0000  0.0000      0.92735311E-02  0.12403876E-03
 0  2.0000  0.0000  1.0000     -0.50276046E-02  0.86407479E-04
 0  1.0000  1.0000  0.0000      0.92632099E-02  0.11048308E-03
 0  1.0000  1.0000  1.0000     -0.50391495E-02  0.79526793E-04
 0  2.0000  1.0000  0.0000     -0.31307886E-02  0.54636675E-04
 0  2.0000  1.0000  1.0000      0.17118133E-02  0.22836235E-04
 0  2.0000  2.0000  0.0000      0.27888966E-02  0.72954473E-04
 0  2.0000  2.0000  1.0000     -0.15272495E-02  0.15039311E-04
 1  0.0000  0.0000  0.0000      0.53569209E+01  0.11975460E+00
 1  1.0000  0.0000  0.0000     -0.19567873E-01  0.77789612E-03
 1  2.0000  0.0000  0.0000      0.27346046E-02  0.15035769E-03
 1  1.0000  1.0000  0.0000      0.27103317E-02  0.11113031E-03
 1  2.0000  1.0000  0.0000     -0.92367909E-03  0.37821788E-04
 1  2.0000  2.0000  0.0000      0.85021589E-03  0.35029495E-04
============================================================================

     2.373869967
    -0.892844429
     5.292115418
 SzSz                          
 0  0.0000  0.0000  0.0000      0.26209317E+01  0.11805021E-01
 0  0.0000  0.0000  1.0000     -0.10229088E+01  0.12765657E-01
 0  1.0000  0.0000  0.0000     -0.70798810E-01  0.58429008E-02
 0  1.0000  0.0000  1.0000      0.26098049E-01  0.23957947E-01
 0  2.0000  0.0000  0.0000      0.12397572E-01  0.57846771E-02
 0  2.0000  0.0000  1.0000     -0.18753058E-01  0.27559765E-01
 0  1.0000  1.0000  0.0000      0.11626911E-01  0.43775111E-02
 0  1.0000  1.0000  1.0000     -0.15379853E-01  0.19966552E-01
 0  2.0000  1.0000  0.0000     -0.34211916E-02  0.33623644E-02
 0  2.0000  1.0000  1.0000      0.47682840E-02  0.13164463E-01
 0  2.0000  2.0000  0.0000      0.13501074E-03  0.36792815E-02
 0  2.0000  2.0000  1.0000      0.13585117E-01  0.16587069E-01
 1  0.0000  0.0000  0.0000      0.54125592E+01  0.55063720E-01
 1  1.0000  0.0000  0.0000      0.27304675E-01  0.11988705E+00
 1  2.0000  0.0000  0.0000      0.59699751E-01  0.14000054E+00
 1  1.0000  1.0000  0.0000      0.45864392E-01  0.96670966E-01
 1  2.0000  1.0000  0.0000     -0.28564477E-01  0.54170059E-01
 1  2.0000  2.0000  0.0000     -0.85671399E-01  0.87776791E-01
============================================================================

     2.395489505
    -0.984883849
     5.624705706
