 Mean Equal time Green's function:
  0  0.0000  0.0000  0.0000     0.50000000E+00  0.00000000E+00
  0  0.0000  0.0000  1.0000    -0.30534599E+00  0.23705207E-02
  0  1.0000  0.0000  0.0000    -0.11888525E+00  0.38056295E-03
  0  1.0000  0.0000  1.0000    -0.24299258E-20  0.64143353E-20
  0  2.0000  0.0000  0.0000     0.59504065E-21  0.10724274E-20
  0  2.0000  0.0000  1.0000     0.16193580E-01  0.15950825E-03
  0  1.0000  1.0000  0.0000     0.38884106E-20  0.56207753E-21
  0  1.0000  1.0000  1.0000     0.16201312E-01  0.12454787E-03
  0  2.0000  1.0000  0.0000     0.17809887E-01  0.16559648E-03
  0  2.0000  1.0000  1.0000     0.50514927E-20  0.58795356E-20
  0  2.0000  2.0000  0.0000    -0.15024247E-20  0.51119004E-21
  0  2.0000  2.0000  1.0000    -0.85551359E-02  0.24374110E-04
  1  0.0000  0.0000  0.0000     0.50000000E+00  0.00000000E+00
  1  1.0000  0.0000  0.0000     0.23470791E-01  0.37506140E-03
  1  2.0000  0.0000  0.0000     0.39365856E-20  0.38751185E-20
  1  1.0000  1.0000  0.0000     0.25913914E-20  0.40533017E-20
  1  2.0000  1.0000  0.0000    -0.48640067E-02  0.10856451E-03
  1  2.0000  2.0000  0.0000    -0.21048769E-20  0.22145938E-20
============================================================================
 Up Equal time Green's function:
  0  0.0000  0.0000  0.0000     0.49808669E+00  0.10503203E-02
  0  0.0000  0.0000  1.0000    -0.30534599E+00  0.23705207E-02
  0  1.0000  0.0000  0.0000    -0.11888525E+00  0.38056295E-03
  0  1.0000  0.0000  1.0000    -0.46482712E-03  0.35224096E-03
  0  2.0000  0.0000  0.0000     0.29387816E-03  0.17667142E-03
  0  2.0000  0.0000  1.0000     0.16193580E-01  0.15950825E-03
  0  1.0000  1.0000  0.0000     0.31430098E-03  0.17551727E-03
  0  1.0000  1.0000  1.0000     0.16201312E-01  0.12454787E-03
  0  2.0000  1.0000  0.0000     0.17809887E-01  0.16559648E-03
  0  2.0000  1.0000  1.0000     0.51039592E-04  0.37315734E-04
  0  2.0000  2.0000  0.0000    -0.29137393E-03  0.16762450E-03
  0  2.0000  2.0000  1.0000    -0.85551359E-02  0.24374110E-04
  1  0.0000  0.0000  0.0000     0.51025929E+00  0.54742678E-02
  1  1.0000  0.0000  0.0000     0.23470791E-01  0.37506140E-03
  1  2.0000  0.0000  0.0000     0.22598233E-03  0.16428921E-03
  1  1.0000  1.0000  0.0000     0.15800385E-03  0.17362964E-03
  1  2.0000  1.0000  0.0000    -0.48640067E-02  0.10856451E-03
  1  2.0000  2.0000  0.0000    -0.16207920E-03  0.82264599E-04
============================================================================
 Down Equal time Green's function:
  0  0.0000  0.0000  0.0000     0.50191331E+00  0.10503203E-02
  0  0.0000  0.0000  1.0000    -0.30534599E+00  0.23705207E-02
  0  1.0000  0.0000  0.0000    -0.11888525E+00  0.38056295E-03
  0  1.0000  0.0000  1.0000     0.46482712E-03  0.35224096E-03
  0  2.0000  0.0000  0.0000    -0.29387816E-03  0.17667142E-03
  0  2.0000  0.0000  1.0000     0.16193580E-01  0.15950825E-03
  0  1.0000  1.0000  0.0000    -0.31430098E-03  0.17551727E-03
  0  1.0000  1.0000  1.0000     0.16201312E-01  0.12454787E-03
  0  2.0000  1.0000  0.0000     0.17809887E-01  0.16559648E-03
  0  2.0000  1.0000  1.0000    -0.51039592E-04  0.37315734E-04
  0  2.0000  2.0000  0.0000     0.29137393E-03  0.16762450E-03
  0  2.0000  2.0000  1.0000    -0.85551359E-02  0.24374110E-04
  1  0.0000  0.0000  0.0000     0.48974071E+00  0.54742678E-02
  1  1.0000  0.0000  0.0000     0.23470791E-01  0.37506140E-03
  1  2.0000  0.0000  0.0000    -0.22598233E-03  0.16428921E-03
  1  1.0000  1.0000  0.0000    -0.15800385E-03  0.17362964E-03
  1  2.0000  1.0000  0.0000    -0.48640067E-02  0.10856451E-03
  1  2.0000  2.0000  0.0000     0.16207920E-03  0.82264599E-04
============================================================================
