   0.00000  0.50000000E+00  0.00000000E+00
   0.10000  0.40948721E+00  0.29968022E-03
   0.20000  0.34832747E+00  0.59223429E-03
   0.30000  0.30885907E+00  0.80233042E-03
   0.40000  0.28704963E+00  0.90926263E-03
   0.50000  0.28008285E+00  0.96306924E-03
   0.60000  0.28704963E+00  0.90926263E-03
   0.70000  0.30885907E+00  0.80233042E-03
   0.80000  0.34832747E+00  0.59223429E-03
   0.90000  0.40948721E+00  0.29968022E-03
   0.00000 -0.30534599E+00  0.23705207E-02
   0.10000 -0.21727606E+00  0.23495840E-02
   0.20000 -0.14892895E+00  0.17926185E-02
   0.30000 -0.93301718E-01  0.13462651E-02
   0.40000 -0.44954723E-01  0.79159019E-03
   0.50000 -0.70134328E-20  0.80953665E-20
   0.60000  0.44954723E-01  0.79159019E-03
   0.70000  0.93301718E-01  0.13462651E-02
   0.80000  0.14892895E+00  0.17926185E-02
   0.90000  0.21727606E+00  0.23495840E-02
