   0  0.0000  0.0000  0.0000     0.498086690176943       1.050320255418490E-003
   1  0.0000  0.0000  0.0000     0.510259292309202       5.474267795406873E-003
   0  0.0000  0.0000  0.0000     0.498086690176943       1.050320255418490E-003
   1  0.0000  0.0000  0.0000     0.510259292309202       5.474267795406873E-003
   0  0.0000  0.0000  0.0000     0.498086690176943       1.050320255418490E-003
   1  0.0000  0.0000  0.0000     0.510259292309202       5.474267795406873E-003
   0  0.0000  0.0000  0.0000     0.498086690176943       1.050320255418490E-003
   1  0.0000  0.0000  0.0000     0.510259292309202       5.474267795406873E-003
   0  0.0000  0.0000  0.0000     0.498086690176943       1.050320255418490E-003
   1  0.0000  0.0000  0.0000     0.510259292309202       5.474267795406873E-003
   0  0.0000  0.0000  0.0000     0.498086690176943       1.050320255418490E-003
   1  0.0000  0.0000  0.0000     0.510259292309202       5.474267795406873E-003
   0  0.0000  0.0000  0.0000     0.498086690176943       1.050320255418490E-003
   1  0.0000  0.0000  0.0000     0.510259292309202       5.474267795406873E-003
   0  0.0000  0.0000  0.0000     0.498086690176943       1.050320255418490E-003
   1  0.0000  0.0000  0.0000     0.510259292309202       5.474267795406873E-003
   0  0.0000  0.0000  0.0000     0.498086690176943       1.050320255418490E-003
   1  0.0000  0.0000  0.0000     0.510259292309202       5.474267795406873E-003
   0  0.0000  0.0000  0.0000     0.498086690176943       1.050320255418490E-003
   1  0.0000  0.0000  0.0000     0.510259292309202       5.474267795406873E-003
   0  0.0000  0.0000  0.0000     0.498086690176943       1.050320255418490E-003
   1  0.0000  0.0000  0.0000     0.510259292309202       5.474267795406873E-003
   0  0.0000  0.0000  0.0000     0.498086690176943       1.050320255418490E-003
   1  0.0000  0.0000  0.0000     0.510259292309202       5.474267795406873E-003
   0  0.0000  0.0000  0.0000     0.498086690176943       1.050320255418490E-003
   1  0.0000  0.0000  0.0000     0.510259292309202       5.474267795406873E-003
   0  0.0000  0.0000  0.0000     0.498086690176943       1.050320255418490E-003
   1  0.0000  0.0000  0.0000     0.510259292309202       5.474267795406873E-003
   0  0.0000  0.0000  0.0000     0.498086690176943       1.050320255418490E-003
   1  0.0000  0.0000  0.0000     0.510259292309202       5.474267795406873E-003
   0  0.0000  0.0000  0.0000     0.498086690176943       1.050320255418490E-003
   1  0.0000  0.0000  0.0000     0.510259292309202       5.474267795406873E-003
