   0  0.0000  0.0000  0.0000     0.501913309823058       1.050320255418474E-003
   1  0.0000  0.0000  0.0000     0.489740707690798       5.474267795406930E-003
   0  0.0000  0.0000  0.0000     0.501913309823058       1.050320255418474E-003
   1  0.0000  0.0000  0.0000     0.489740707690798       5.474267795406930E-003
   0  0.0000  0.0000  0.0000     0.501913309823058       1.050320255418474E-003
   1  0.0000  0.0000  0.0000     0.489740707690798       5.474267795406930E-003
   0  0.0000  0.0000  0.0000     0.501913309823058       1.050320255418474E-003
   1  0.0000  0.0000  0.0000     0.489740707690798       5.474267795406930E-003
   0  0.0000  0.0000  0.0000     0.501913309823058       1.050320255418474E-003
   1  0.0000  0.0000  0.0000     0.489740707690798       5.474267795406930E-003
   0  0.0000  0.0000  0.0000     0.501913309823058       1.050320255418474E-003
   1  0.0000  0.0000  0.0000     0.489740707690798       5.474267795406930E-003
   0  0.0000  0.0000  0.0000     0.501913309823058       1.050320255418474E-003
   1  0.0000  0.0000  0.0000     0.489740707690798       5.474267795406930E-003
   0  0.0000  0.0000  0.0000     0.501913309823058       1.050320255418474E-003
   1  0.0000  0.0000  0.0000     0.489740707690798       5.474267795406930E-003
   0  0.0000  0.0000  0.0000     0.501913309823058       1.050320255418474E-003
   1  0.0000  0.0000  0.0000     0.489740707690798       5.474267795406930E-003
   0  0.0000  0.0000  0.0000     0.501913309823058       1.050320255418474E-003
   1  0.0000  0.0000  0.0000     0.489740707690798       5.474267795406930E-003
   0  0.0000  0.0000  0.0000     0.501913309823058       1.050320255418474E-003
   1  0.0000  0.0000  0.0000     0.489740707690798       5.474267795406930E-003
   0  0.0000  0.0000  0.0000     0.501913309823058       1.050320255418474E-003
   1  0.0000  0.0000  0.0000     0.489740707690798       5.474267795406930E-003
   0  0.0000  0.0000  0.0000     0.501913309823058       1.050320255418474E-003
   1  0.0000  0.0000  0.0000     0.489740707690798       5.474267795406930E-003
   0  0.0000  0.0000  0.0000     0.501913309823058       1.050320255418474E-003
   1  0.0000  0.0000  0.0000     0.489740707690798       5.474267795406930E-003
   0  0.0000  0.0000  0.0000     0.501913309823058       1.050320255418474E-003
   1  0.0000  0.0000  0.0000     0.489740707690798       5.474267795406930E-003
   0  0.0000  0.0000  0.0000     0.501913309823058       1.050320255418474E-003
   1  0.0000  0.0000  0.0000     0.489740707690798       5.474267795406930E-003
