 Density-density correlation fn: (up-up)
  0  0.0000  0.0000  0.0000     0.50000000E+00  0.00000000E+00
  0  0.0000  0.0000  1.0000     0.14715283E+00  0.72148324E-03
  0  1.0000  0.0000  0.0000     0.23586748E+00  0.24443810E-03
  0  1.0000  0.0000  1.0000     0.24974060E+00  0.63448433E-03
  0  2.0000  0.0000  0.0000     0.25012307E+00  0.17174819E-03
  0  2.0000  0.0000  1.0000     0.24925224E+00  0.72075735E-03
  0  1.0000  1.0000  0.0000     0.25005963E+00  0.12396536E-03
  0  1.0000  1.0000  1.0000     0.24940960E+00  0.49780594E-03
  0  2.0000  1.0000  0.0000     0.24968403E+00  0.97795565E-04
  0  2.0000  1.0000  1.0000     0.24998861E+00  0.35080406E-03
  0  2.0000  2.0000  0.0000     0.25003674E+00  0.95173500E-04
  0  2.0000  2.0000  1.0000     0.25014473E+00  0.40285445E-03
  1  0.0000  0.0000  0.0000     0.50000000E+00  0.00000000E+00
  1  1.0000  0.0000  0.0000     0.25049956E+00  0.30377993E-02
  1  2.0000  0.0000  0.0000     0.25158794E+00  0.35278644E-02
  1  1.0000  1.0000  0.0000     0.25113710E+00  0.23952613E-02
  1  2.0000  1.0000  0.0000     0.24944495E+00  0.13908916E-02
  1  2.0000  2.0000  0.0000     0.24803019E+00  0.21582972E-02
============================================================================
 Density-density correlation fn: (up-dn)
  0  0.0000  0.0000  0.0000     0.24223912E+00  0.10877973E-03
  0  0.0000  0.0000  1.0000     0.27353902E+00  0.29800410E-03
  0  1.0000  0.0000  0.0000     0.24997026E+00  0.15620289E-03
  0  1.0000  0.0000  1.0000     0.24975842E+00  0.64340922E-03
  0  2.0000  0.0000  0.0000     0.24980493E+00  0.17217361E-03
  0  2.0000  0.0000  1.0000     0.25053998E+00  0.71911244E-03
  0  1.0000  1.0000  0.0000     0.24986911E+00  0.12356753E-03
  0  1.0000  1.0000  1.0000     0.25038200E+00  0.49782696E-03
  0  2.0000  1.0000  0.0000     0.24999667E+00  0.97156623E-04
  0  2.0000  1.0000  1.0000     0.24998783E+00  0.35084894E-03
  0  2.0000  2.0000  0.0000     0.24994296E+00  0.95540469E-04
  0  2.0000  2.0000  1.0000     0.24979846E+00  0.40270558E-03
  1  0.0000  0.0000  0.0000     0.14669582E+00  0.17445378E-02
  1  1.0000  0.0000  0.0000     0.24913253E+00  0.30416199E-02
  1  2.0000  0.0000  0.0000     0.24838467E+00  0.35283857E-02
  1  1.0000  1.0000  0.0000     0.24883539E+00  0.23959729E-02
  1  2.0000  1.0000  0.0000     0.25053940E+00  0.13906141E-02
  1  2.0000  2.0000  0.0000     0.25196175E+00  0.21583318E-02
============================================================================
