 Pairing correlation function:
  0  0.0000  0.0000  0.0000     0.12111956E+00  0.54389865E-04
  0  0.0000  0.0000  1.0000     0.39654078E-01  0.47070068E-03
  0  1.0000  0.0000  0.0000     0.70811293E-02  0.46468192E-04
  0  1.0000  0.0000  1.0000    -0.25049286E-03  0.61043398E-05
  0  2.0000  0.0000  0.0000    -0.36000349E-04  0.12870431E-05
  0  2.0000  0.0000  1.0000     0.10389256E-03  0.14490999E-05
  0  1.0000  1.0000  0.0000    -0.35629915E-04  0.28413596E-06
  0  1.0000  1.0000  1.0000     0.10420010E-03  0.83612349E-06
  0  2.0000  1.0000  0.0000     0.15965444E-03  0.30681990E-05
  0  2.0000  1.0000  1.0000    -0.11779411E-04  0.23441565E-06
  0  2.0000  2.0000  0.0000    -0.10150499E-04  0.33888909E-06
  0  2.0000  2.0000  1.0000     0.28404289E-04  0.18966728E-06
  1  0.0000  0.0000  0.0000     0.73347909E-01  0.87226888E-03
  1  1.0000  0.0000  0.0000     0.18395659E-03  0.34176294E-05
  1  2.0000  0.0000  0.0000    -0.13692829E-04  0.36018296E-06
  1  1.0000  1.0000  0.0000    -0.13758769E-04  0.41644478E-06
  1  2.0000  1.0000  0.0000     0.78260907E-05  0.21422103E-06
  1  2.0000  2.0000  0.0000    -0.40300780E-05  0.72138568E-07
============================================================================
