 XX Spin correlation function:
  0  0.0000  0.0000  0.0000     0.51552177E+00  0.21755946E-03
  0  0.0000  0.0000  1.0000    -0.25302770E+00  0.45496070E-02
  0  1.0000  0.0000  0.0000    -0.28738465E-01  0.17739685E-03
  0  1.0000  0.0000  1.0000     0.14681722E-02  0.33637336E-04
  0  2.0000  0.0000  0.0000     0.15047916E-03  0.53692615E-05
  0  2.0000  0.0000  1.0000    -0.85311828E-03  0.18405677E-04
  0  1.0000  1.0000  0.0000     0.14898564E-03  0.13826695E-05
  0  1.0000  1.0000  1.0000    -0.85480789E-03  0.15557291E-04
  0  2.0000  1.0000  0.0000    -0.66332101E-03  0.11846581E-04
  0  2.0000  1.0000  1.0000     0.74949338E-04  0.16141351E-05
  0  2.0000  2.0000  0.0000     0.42880211E-04  0.13899892E-05
  0  2.0000  2.0000  1.0000    -0.24544185E-03  0.14469407E-05
  1  0.0000  0.0000  0.0000     0.70660836E+00  0.34890755E-02
  1  1.0000  0.0000  0.0000    -0.28647268E-02  0.15827528E-03
  1  2.0000  0.0000  0.0000     0.17269207E-03  0.90001273E-05
  1  1.0000  1.0000  0.0000     0.17071284E-03  0.44203942E-05
  1  2.0000  1.0000  0.0000    -0.12981642E-03  0.79301896E-05
  1  2.0000  2.0000  0.0000     0.52604150E-04  0.19670710E-05
============================================================================
 ZZ Spin correlation function:
  0  0.0000  0.0000  0.0000     0.51552177E+00  0.21755946E-03
  0  0.0000  0.0000  1.0000    -0.25277238E+00  0.11531739E-02
  0  1.0000  0.0000  0.0000    -0.28205574E-01  0.79915325E-03
  0  1.0000  0.0000  1.0000    -0.35638596E-04  0.25557328E-02
  0  2.0000  0.0000  0.0000     0.63629302E-03  0.68782485E-03
  0  2.0000  0.0000  1.0000    -0.25754800E-02  0.28797356E-02
  0  1.0000  1.0000  0.0000     0.38103033E-03  0.49506510E-03
  0  1.0000  1.0000  1.0000    -0.19447876E-02  0.19912630E-02
  0  2.0000  1.0000  0.0000    -0.62527778E-03  0.38971327E-03
  0  2.0000  1.0000  1.0000     0.15552772E-05  0.14033057E-02
  0  2.0000  2.0000  0.0000     0.18756500E-03  0.38142624E-03
  0  2.0000  2.0000  1.0000     0.69255077E-03  0.16111199E-02
  1  0.0000  0.0000  0.0000     0.70660836E+00  0.34890755E-02
  1  1.0000  0.0000  0.0000     0.27340501E-02  0.12158833E-01
  1  2.0000  0.0000  0.0000     0.64065501E-02  0.14112500E-01
  1  1.0000  1.0000  0.0000     0.46034240E-02  0.95824684E-02
  1  2.0000  1.0000  0.0000    -0.21888909E-02  0.55630115E-02
  1  2.0000  2.0000  0.0000    -0.78631263E-02  0.86332580E-02
============================================================================
 Average Spin correlation function:
  0  0.0000  0.0000  0.0000     0.51552177E+00  0.21755946E-03
  0  0.0000  0.0000  1.0000    -0.25294260E+00  0.33493021E-02
  0  1.0000  0.0000  0.0000    -0.28560835E-01  0.38032628E-03
  0  1.0000  0.0000  1.0000     0.96690194E-03  0.86533036E-03
  0  2.0000  0.0000  0.0000     0.31241711E-03  0.22991018E-03
  0  2.0000  0.0000  1.0000    -0.14272388E-02  0.96449993E-03
  0  1.0000  1.0000  0.0000     0.22633387E-03  0.16438802E-03
  0  1.0000  1.0000  1.0000    -0.12181345E-02  0.66082928E-03
  0  2.0000  1.0000  0.0000    -0.65063994E-03  0.13093242E-03
  0  2.0000  1.0000  1.0000     0.50484651E-04  0.46784162E-03
  0  2.0000  2.0000  0.0000     0.91108474E-04  0.12768458E-03
  0  2.0000  2.0000  1.0000     0.67222359E-04  0.53713769E-03
  1  0.0000  0.0000  0.0000     0.70660836E+00  0.34890755E-02
  1  1.0000  0.0000  0.0000    -0.99846780E-03  0.40061696E-02
  1  2.0000  0.0000  0.0000     0.22506447E-02  0.47080310E-02
  1  1.0000  1.0000  0.0000     0.16482832E-02  0.31947571E-02
  1  2.0000  1.0000  0.0000    -0.81617459E-03  0.18564358E-02
  1  2.0000  2.0000  0.0000    -0.25859727E-02  0.28779864E-02
============================================================================
