 S+S-
   0.00000  0.51552177E+00  0.21755946E-03
   0.10000  0.34857465E+00  0.46656700E-03
   0.20000  0.25272225E+00  0.76585761E-03
   0.30000  0.19820192E+00  0.91988638E-03
   0.40000  0.17053954E+00  0.95102983E-03
   0.50000  0.16207353E+00  0.97309941E-03
   0.60000  0.17053954E+00  0.95102983E-03
   0.70000  0.19820192E+00  0.91988638E-03
   0.80000  0.25272225E+00  0.76585761E-03
   0.90000  0.34857465E+00  0.46656700E-03
   0.00000 -0.25302770E+00  0.45496070E-02
   0.10000 -0.15526126E+00  0.35810573E-02
   0.20000 -0.96717832E-01  0.18971370E-02
   0.30000 -0.62226883E-01  0.10392596E-02
   0.40000 -0.44255160E-01  0.65997679E-03
   0.50000 -0.38436275E-01  0.47398537E-03
   0.60000 -0.44255160E-01  0.65997679E-03
   0.70000 -0.62226883E-01  0.10392596E-02
   0.80000 -0.96717832E-01  0.18971370E-02
   0.90000 -0.15526126E+00  0.35810573E-02
   0.00000  0.70660836E+00  0.34890755E-02
   0.10000  0.59856138E+00  0.73212746E-02
   0.20000  0.52552091E+00  0.76334169E-02
   0.30000  0.49831360E+00  0.11449131E-01
   0.40000  0.46648990E+00  0.23257857E-01
   0.50000  0.47254092E+00  0.16942169E-01
   0.60000  0.46648990E+00  0.23257857E-01
   0.70000  0.49831360E+00  0.11449131E-01
   0.80000  0.52552091E+00  0.76334169E-02
   0.90000  0.59856138E+00  0.73212746E-02
 SzSz
   0.00000  0.51552177E+00  0.21755946E-03
   0.10000  0.34857136E+00  0.57064203E-03
   0.20000  0.25292145E+00  0.10999568E-02
   0.30000  0.19857598E+00  0.14558023E-02
   0.40000  0.17121425E+00  0.17181730E-02
   0.50000  0.16284386E+00  0.18983134E-02
   0.60000  0.17121425E+00  0.17181730E-02
   0.70000  0.19857598E+00  0.14558023E-02
   0.80000  0.25292145E+00  0.10999568E-02
   0.90000  0.34857136E+00  0.57064203E-03
   0.00000 -0.25277238E+00  0.11531739E-02
   0.10000 -0.15616355E+00  0.64420622E-03
   0.20000 -0.98104038E-01  0.88375132E-03
   0.30000 -0.64015642E-01  0.14147073E-02
   0.40000 -0.46318272E-01  0.18121282E-02
   0.50000 -0.40933376E-01  0.21028973E-02
   0.60000 -0.46318272E-01  0.18121282E-02
   0.70000 -0.64015642E-01  0.14147073E-02
   0.80000 -0.98104038E-01  0.88375132E-03
   0.90000 -0.15616355E+00  0.64420622E-03
   0.00000  0.70660836E+00  0.34890755E-02
   0.10000  0.60570122E+00  0.43984284E-02
   0.20000  0.53974840E+00  0.55272592E-02
   0.30000  0.49802970E+00  0.61594539E-02
   0.40000  0.47534305E+00  0.64004427E-02
   0.50000  0.46830611E+00  0.66034765E-02
   0.60000  0.47534305E+00  0.64004427E-02
   0.70000  0.49802970E+00  0.61594539E-02
   0.80000  0.53974840E+00  0.55272592E-02
   0.90000  0.60570122E+00  0.43984284E-02
